0.000000
0.000000
0.000000
0.000000
0.016174
0.000000
0.166439
2.900062
0.004943
0.032760
0.000000
0.048306
0.191990
0.186318
0.041300
0.000000
0.000000
0.009616
0.000000
0.000000
0.013923
0.023298
0.000000
0.146633
0.010121
0.000000
0.000000
0.000000
0.953005
0.000000
0.321857
0.000000
0.054487
0.000000
0.000000
0.082261
0.556616
0.542841
0.000000
0.000000
0.114874
0.210348
0.000000
0.017884
0.000000
0.116700
0.083945
0.000000
0.000000
0.148350
0.000000
1.345368
0.000000
0.000000
0.048092
0.000000
0.010092
0.088360
0.035375
0.000000
0.063537
0.015769
0.000000
0.004500
0.000000
0.000000
0.000000
0.003215
0.000000
0.000000
0.004637
0.360416
0.000000
0.137467
0.000000
0.552310
0.000000
0.000000
0.000000
0.000000
0.000000
0.000000
0.084840
0.000000
0.000000
0.000000
0.000000
0.000000
0.325503
0.000000
0.038885
0.276011
0.322725
0.000000
0.000000
0.023539
0.006991
0.000000
0.257471
0.000000
0.067601
0.329329
0.000000
0.000000
0.000000
0.009583
1.287515
0.000000
0.007687
0.523871
0.038336
0.832808
0.022499
0.000000
0.000000
0.000000
0.000000
0.576252
0.271733
0.015036
0.033974
0.077144
0.052276
0.013100
0.080187
0.046596
0.416431
0.044438
0.000000
0.000000
0.000000
0.000000
0.000000
0.000000
0.000000
0.000000
0.027410
0.000000
0.000000
0.000000
0.000000
0.000000
0.000000
0.000000
0.000000
0.327549
0.000000
0.494832
0.122239
0.000000
0.417541
0.000000
0.000000
0.000000
0.036597
0.000000
0.000000
0.057754
0.009843
0.000000
0.009727
0.027434
0.500687
0.173615
0.101435
0.000000
0.000000
0.015058
0.019206
0.000000
0.014677
0.215922
0.011059
0.099854
0.117738
0.010220
0.421377
0.000000
0.000000
0.000000
0.000000
0.006770
0.000000
0.000000
0.047102
0.002585
0.000000
0.000000
0.000000
0.000000
0.031471
0.000000
1.990993
0.384071
0.061406
0.000000
0.199273
0.000000
0.027642
0.000000
0.000000
0.007442
1.022003
0.000000
0.000000
0.005183
1.927706
0.000000
0.003729
0.000000
0.000000
0.190266
0.042931
0.017102
0.332230
0.000000
0.000000
1.280606
0.026753
0.000000
0.000000
0.024094
0.000000
0.000000
0.187279
0.000000
0.000000
0.000000
0.122087
0.000000
0.000000
0.000000
0.000000
0.059211
0.466563
0.040543
0.000000
0.000000
0.000000
0.028003
0.103360
0.000000
0.000000
0.006459
0.010129
0.414662
0.090812
0.000000
0.001543
0.000000
0.000000
0.004142
0.000000
0.035393
0.000000
0.000000
0.012640
0.000000
0.000000
0.000000
0.564503
0.000000
0.004686
0.000000
0.000000
0.000000
0.074678
0.047630
0.000000
0.000655
0.189578
0.000000
0.323379
0.053772
0.040456
0.000000
0.319741
0.000000
0.000000
0.359533
0.005375
0.000000
0.034563
0.000000
0.065560
0.000000
0.000000
0.145892
0.033806
0.043549
0.000000
0.000000
0.125878
0.000000
0.005971
0.000000
0.086685
0.090233
0.019800
0.000000
0.000000
0.000000
0.000000
0.000031
0.000000
0.000000
0.000000
0.000000
0.003754
0.004143
0.012529
0.032728
0.000000
0.040659
0.009909
0.000000
0.000000
0.000000
0.000000
0.000000
0.000000
0.000000
0.000000
0.000000
0.000000
0.159304
0.000000
0.000000
0.000000
0.000000
0.060471
0.149562
0.040098
0.181509
0.000000
0.150693
0.147964
0.867540
0.280923
1.837592
0.040490
0.075414
0.008707
0.000000
0.000000
0.032677
0.096892
0.000000
0.165547
0.017086
0.000000
0.000000
0.523164
0.000000
0.000000
0.053849
0.107127
0.000000
0.000000
0.000000
0.141860
0.000000
0.000000
0.000000
0.026527
0.040682
0.000000
0.000000
0.000000
0.160992
0.000000
0.798275
0.077210
0.017536
0.132276
0.028611
0.000000
0.270372
0.002369
0.000000
0.000000
0.000000
0.000000
0.000000
0.000000
0.154383
0.191515
0.000000
0.000000
0.514518
0.016143
0.319641
0.000000
0.001592
0.045405
0.006885
0.000000
0.029559
0.000000
0.000000
0.000000
0.000000
0.000000
0.044454
0.679408
0.000000
0.024657
0.000000
0.000000
0.441909
0.000000
0.000000
0.000000
0.103152
0.027795
0.036689
0.000000
0.066729
0.497456
0.117238
0.000000
0.000000
0.003507
0.000000
0.012814
0.000000
0.000000
0.044618
0.016571
0.000000
0.114550
0.000000
0.152423
0.078177
0.000000
0.126547
0.000000
2.687092
0.000000
0.048316
0.001493
0.000000
0.501987
0.000000
0.652005
0.002620
0.000000
0.168446
0.047482
0.000000
0.000000
0.000000
0.000000
0.000000
0.173579
0.035867
0.018954
0.004891
0.649510
0.000000
0.000000
0.000000
0.000000
0.047484
0.000000
0.100609
0.021479
0.000000
0.139910
0.001163
0.000000
0.000000
0.000000
0.000000
0.000000
0.000000
0.051894
0.003797
0.000000
0.000000
0.000582
0.000000
0.360630
0.005086
0.000000
0.000000
0.000000
0.010459
0.000000
0.000000
0.021814
0.000000
0.000000
0.003771
0.025371
0.268498
0.503090
0.015864
0.006579
0.000000
0.000000
0.000000
0.126257
0.000000
0.000000
0.000000
0.000000
0.000000
0.000000
0.045551
0.028519
0.000000
0.000000
0.000000
0.000000
0.543770
0.092364
0.000000
0.000000
0.019952
0.000000
0.000000
0.139067
0.074217
0.022152
0.121998
0.000000
0.158357
0.000000
0.000000
0.210407
0.202200
0.013244
0.005059
0.038368
0.000000
2.473799
0.144237
0.055340
0.000000
0.000000
0.057130
0.000000
0.000000
0.000000
0.214255
0.000000
0.000000
0.000000
0.133763
0.020747
0.509545
0.115941
0.000000
0.000000
0.000000
0.000000
0.000000
0.062458
0.000000
0.000000
0.010792
0.006862
0.000000
0.000000
0.000000
0.099784
0.000000
0.077457
0.000000
0.001526
0.819736
0.000000
0.000000
0.038985
0.000000
0.073872
0.204940
0.007343
0.146054
0.086874
0.000000
0.000000
0.000000
0.000000
0.060948
0.162965
0.000000
0.017451
0.072526
0.012942
0.000000
0.000000
0.247819
0.012092
0.000000
0.616074
0.000000
0.000000
0.000000
0.064355
0.000000
0.000000
0.115399
0.000000
0.056331
0.307791
0.265169
0.501743
0.000000
0.000000
0.000000
0.000000
0.000000
0.000000
0.000000
0.112397
0.000000
0.000000
0.000000
0.778620
0.000000
0.019049
0.004447
0.029696
0.000000
0.000000
0.000000
0.004769
0.000000
0.441550
0.000000
0.000000
0.021279
0.978576
0.000000
0.000254
0.355609
0.000000
0.000000
0.000000
0.000000
1.135369
0.011312
0.000000
0.000000
0.000000
0.000000
0.000000
0.211763
0.055228
0.009285
0.027498
0.000000
0.021413
0.009725
0.000000
0.318294
0.022906
0.057717
0.085888
0.202007
0.000000
0.011251
0.034082
0.022168
0.000000
0.019512
0.210683
0.000000
0.138325
0.036934
0.000000
0.000000
0.000000
0.000000
1.066514
0.017146
0.053522
0.902564
0.000000
0.096010
0.648092
0.000000
0.190115
0.523189
0.060534
0.000000
0.100273
0.000000
0.000000
0.108240
0.000000
1.260330
0.000000
0.000000
0.000000
0.055743
0.006387
0.039447
0.009134
0.016088
0.000000
0.000000
0.000000
0.000000
0.165013
0.000000
0.000000
0.011016
0.022966
0.083297
0.000000
0.048715
0.000000
0.043167
0.000000
0.025545
0.027604
0.009796
0.000000
0.536701
0.085342
0.000000
0.000000
0.000000
0.021919
0.057409
0.007190
0.202527
0.040107
0.005818
0.000000
0.000000
0.000000
0.000000
0.023283
0.000000
0.000000
0.004610
0.000000
0.000000
0.173537
0.000000
0.031453
0.000000
0.000877
0.000000
0.004113
0.000000
0.000000
0.000000
0.192635
0.000000
0.000000
0.000000
0.000000
0.000000
0.380960
0.688423
0.070909
0.000000
0.000000
0.438473
0.031059
0.000000
0.012042
0.000000
0.228345
0.000000
0.013043
0.047309
0.000000
0.011910
0.090345
0.113896
0.000000
0.117546
0.000000
0.141376
0.000000
0.051717
0.000000
0.498657
0.032832
0.126238
0.000000
0.016488
0.007060
0.000000
0.000000
0.004483
0.030756
0.000000
0.000000
0.637686
0.096469
0.000000
0.020981
0.132624
0.000000
0.271092
0.000000
0.022062
0.000000
0.129591
0.000000
0.000000
0.112433
0.000000
0.042011
0.181163
0.000000
0.000000
0.941713
0.000000
1.132193
0.000000
0.000000
0.000000
0.770860
0.023901
0.352988
0.013792
0.000000
0.000000
0.228705
0.036316
0.855074
0.000000
0.000000
0.025926
0.000162
0.000000
0.000000
0.000000
0.000000
0.000000
0.000000
0.004389
0.000000
0.000000
0.175414
0.000000
0.000000
0.000000
0.000000
0.036692
0.017564
0.004916
0.000000
0.633838
0.206401
0.000000
0.000000
0.006882
0.027902
0.011055
0.000000
0.000000
0.000000
0.001770
0.004299
0.000000
0.030741
0.000000
0.000000
0.006439
0.000000
0.000000
0.029727
0.000000
0.000000
0.031794
0.000000
1.514369
0.007206
0.000000
0.619202
0.209419
0.036873
0.177465
0.069656
0.129543
0.269592
0.000000
0.000000
0.000000
0.082226
0.000000
0.045368
0.000000
0.212694
0.089569
0.086709
0.000000
0.000000
0.856195
0.000000
0.000732
0.000000
0.142318
0.134236
0.047293
0.000000
0.009461
0.000000
0.000000
0.048967
0.000000
0.005545
0.000000
0.000000
0.000000
0.238708
0.000000
0.062903
0.000000
0.158422
0.086243
0.002721
0.000000
0.000000
0.000000
0.027236
0.006049
0.000000
0.164342
0.000000
0.000000
0.000000
0.000000
0.000000
0.024078
0.000000
0.175318
0.216838
0.288493
0.000000
0.019333
0.010510
0.000000
0.000000
0.000000
0.000000
0.019466
0.000000
1.138850
0.195748
0.000000
0.000000
0.231154
0.000000
0.000000
0.017691
0.000000
0.101637
0.064866
0.052268
0.000000
0.105784
0.000000
0.448888
0.000000
0.066909
0.063508
0.000000
0.091740
0.000000
0.136384
0.000000
0.313628
0.132055
0.006823
0.000000
0.000000
0.000000
0.066340
0.887025
0.000000
0.005351
0.380518
0.283637
0.000000
0.000000
0.000000
0.000000
0.000000
0.000000
0.136141
0.001450
0.000000
0.058674
0.000000
0.068002
0.520935
0.321683
0.188670
0.040031
0.101796
0.000000
0.143105
0.000000
0.002511
0.048733
0.000000
0.589782
0.006481
0.402069
0.000000
0.043036
1.073949
0.364925
0.000000
0.019388
0.107635
0.007422
0.057596
0.000000
0.000000
0.232265
0.000000
0.000000
0.000000
0.004034
0.055327
0.015065
0.000000
0.000000
0.042567
0.000000
0.000318
0.000000
0.031025
0.021660
0.000000
0.093881
0.075437
0.000000
0.000842
0.051465
1.044485
0.138936
0.000000
0.000000
0.000000
0.247906
0.000000
0.083501
0.000000
0.119657
0.945755
0.000000
0.000000
0.000000
0.000000
0.099143
0.000000
0.000000
0.093685
0.000054
0.000000
0.054655
0.038249
0.000000
0.258634
0.030616
0.000000
0.039716
0.000000
0.000000
0.000000
0.125470
0.394368
0.000000
0.065764
0.009698
0.045146
0.416832
0.022688
0.000000
0.004000
0.000000
0.000000
0.000000
0.000000
0.000000
1.018333
0.016567
0.000000
0.000000
0.015862
1.259510
0.000000
0.000000
0.140128
0.000000
0.000000
0.000000
0.466335
0.000000
0.007072
0.042553
0.000000
1.462938
0.009798
0.000000
0.000000
0.000000
0.017558
0.028998
0.661510
0.349152
0.000000
0.000000
0.000000
0.000000
0.000000
0.000000
0.077005
0.000000
0.538556
0.000000
0.000000
0.004699
0.028388
0.000000
0.000000
0.000000
0.037032
0.000000
0.260200
0.000000
0.012308
0.000000
0.017757
0.000000
0.000000
0.000000
0.177332
0.000000
0.000000
0.289515
0.066851
0.152390
0.288391
0.000000
0.063631
0.045880
0.000000
0.104414
0.044798
0.000000
0.000000
0.000000
0.005511
0.000000
0.000000
0.145928
0.288350
0.000000
0.000000
0.000000
0.000000
0.637490
0.000000
0.006294
0.049865
0.000000
1.005437
0.000000
0.000000
0.069466
1.908725
0.219540
0.119272
0.000000
0.068761
0.000000
0.136317
0.007170
1.391777
0.057634
0.000000
0.000000
0.000000
0.000000
0.033285
0.000000
0.142090
0.018667
0.009472
0.000000
0.360367
0.021707
0.000000
0.133915
0.042741
0.051749
0.157419
0.000000
0.003921
0.116849
0.023283
0.000000
0.112290
0.000000
0.000000
0.029604
0.269909
0.000606
0.000000
0.000000
0.000000
0.000000
0.000000
0.410955
0.000000
0.000000
0.000000
0.000000
0.000000
0.000000
0.391973
0.347108
0.008686
0.000000
0.091351
0.000000
0.154735
0.000000
0.585023
0.000000
0.116410
1.016272
0.270238
0.000000
0.000000
0.010797
0.045920
0.000000
0.000000
0.874746
0.150403
0.054987
0.001710
0.075693
0.013313
0.004614
0.000000
0.000000
0.035157
0.001533
0.015301
0.000000
0.000000
0.000000
0.033862
0.273158
0.000000
0.000000
0.360313
0.065859
0.029268
0.000000
0.000000
0.074237
0.298432
0.005786
0.000000
2.134870
0.000000
0.000000
0.024819
0.000000
0.348801
0.000000
0.000000
0.036567
0.000000
